
v0
143.7037037037038
22.360679774998275
12.761423749154327
16.88165034081955
77.55390792180519
67.18101639877177
14.142135623730649
18.240453183331677
19.073262114491314
60.82762530298242
31.622776601683928
9.99999999999972
10.00000000000104
148.6606874731845

v1
50.50938279160991
32.01850425154638
34.57917034152818
19.999999999999787
80.62257748298588
12.071067811865344
49.99999999999965

v2
52.39580481829265
24.285714285714615
41.231056256176345
22.360679774998538
10.000000000001139
10.000000000001105
9.999999999999401
23.631095477644138
50.99019513592781
89.44271909999138
15.656854249492165
19.999999999999787
37.794063032450715
