
v0
80.15564437074671
14.776349406950082
20.793402931761857
16.032172973043746
16.518470802648828
68.74152416377407
25.35183758488003
58.33383334579187
41.23105625617723
41.70820393249963
50.99019513592689

v1
30.031139465736526
16.180339887498945
45.92130372979058
78.10249675906691
43.13692658660047
60.82762530298231
70.71067811865477
55.73638812279374
82.29304501881818

v2
12.220268859517502
24.167313311927085
50.7070168897034
14.142135623730752
45.81051127173011
24.265653870249775
18.19576338351283
45.896986753671214
44.29956302110065
42.10337136271343
29.196548968815964
37.022005725993615
