
v0
0.0029057143080920694
0.0034356990016914256
0.0027407180223214265
0.0031396403632140074
0.0023649271824747837
0.0009256895740803884
0.0023791138740599984
0.0028581742022244076
0.0017953582860276646
0.0025474325097513684
0.0015856824152993246
0.0026735170057615915
0.003556297150333785
0.00287987380080165

v1
0.002355156507222619
0.0024479435094638766
0.0028820856647543496
0.003541584842669701
0.0032131582756709065
0.0035491260896010632
0.0023324842903759296
0.0031671186727926944
0.0029711545378105966
0.002603819201541906
0.003304986044496649
0.002441299866622672
0.002089305939359085
0.0027952993221041188
0.002401545352850928
0.0024199729283889827

v2
0.002469647504507875
0.0033812329883909247
0.0018732687198175682
0.0024476165433925255
0.002149241429972756
0.0035079774338092075
0.003286368436104029
0.003497583645970841
0.003540605643636138
0.0035861202447991136
0.003219181895598748
0.001805869714785226
0.0031526459372404505
0.0030116153134756877
0.002510573092587507
